[0.35; 0.45; 0];
[0; 1.1; 0];
[0.15; 1.1; 0];
[0.3; 0.6; 0];
[0.45; 0.55; 0];
[-0.025; 0.3; 0.45];
[0.775; 0.3; 0.65];
[0.65; 0.65; 0];
[0.5; 0.65; 0];
[0.5; 0.2; 0];
[0.6; 0.2; 0];
[0.65; 1.05; 0];
[0.126828; -0.437287; -0.0426422];
[-0.449848; 0.0300413; -0.0433828];
[-0.309433; 0.0890085; -0.0433041];
[0.0229975; -0.316639; -0.0427414];
[0.181317; -0.306721; -0.0428454];
[-0.170167; -0.716815; 0.413731];
[0.582877; -0.404723; 0.61422];
[0.326405; -0.136468; -0.0427864];
[0.188285; -0.193801; -0.042864];
[0.362099; -0.610718; -0.042594];
[0.453574; -0.571767; -0.042391];
[0.176137; 0.233894; -0.0425703];
